{
 "cells": [
  {
   "cell_type": "code",
   "execution_count": null,
   "id": "9db275d8",
   "metadata": {},
   "outputs": [
    {
     "name": "stderr",
     "output_type": "stream",
     "text": [
      "Gym has been unmaintained since 2022 and does not support NumPy 2.0 amongst other critical functionality.\n",
      "Please upgrade to Gymnasium, the maintained drop-in replacement of Gym, or contact the authors of your software and request that they upgrade.\n",
      "Users of this version of Gym should be able to simply replace 'import gym' with 'import gymnasium as gym' in the vast majority of cases.\n",
      "See the migration guide at https://gymnasium.farama.org/introduction/migration_guide/ for additional information.\n"
     ]
    }
   ],
   "source": [
    "import os\n",
    "import numpy as np\n",
    "import gymnasium as gym\n",
    "import pandas as pd\n",
    "import numpy as np\n",
    "from finrl.main import check_and_make_directories\n",
    "from finrl.config import INDICATORS, TRAINED_MODEL_DIR, RESULTS_DIR\n",
    "from pypfopt.efficient_frontier import EfficientFrontier\n",
    "from finrl.meta.preprocessor.yahoodownloader import YahooDownloader\n",
    "import matplotlib.pyplot as plt\n",
    "\n",
    "check_and_make_directories([TRAINED_MODEL_DIR])"
   ]
  },
  {
   "cell_type": "code",
   "execution_count": 2,
   "id": "3195dc59",
   "metadata": {},
   "outputs": [],
   "source": [
    "train = pd.read_csv('data/train.csv')\n",
    "train = train.set_index(train.columns[0])\n",
    "train.index.names = ['']\n",
    "\n",
    "trade = pd.read_csv('data/trade.csv')\n",
    "trade = trade.set_index(trade.columns[0])\n",
    "trade.index.names = ['']"
   ]
  },
  {
   "cell_type": "code",
   "execution_count": 3,
   "id": "91b0f101",
   "metadata": {},
   "outputs": [
    {
     "data": {
      "text/html": [
       "<div>\n",
       "<style scoped>\n",
       "    .dataframe tbody tr th:only-of-type {\n",
       "        vertical-align: middle;\n",
       "    }\n",
       "\n",
       "    .dataframe tbody tr th {\n",
       "        vertical-align: top;\n",
       "    }\n",
       "\n",
       "    .dataframe thead th {\n",
       "        text-align: right;\n",
       "    }\n",
       "</style>\n",
       "<table border=\"1\" class=\"dataframe\">\n",
       "  <thead>\n",
       "    <tr style=\"text-align: right;\">\n",
       "      <th></th>\n",
       "      <th>date</th>\n",
       "      <th>close</th>\n",
       "      <th>high</th>\n",
       "      <th>low</th>\n",
       "      <th>open</th>\n",
       "      <th>volume</th>\n",
       "      <th>tic</th>\n",
       "      <th>day</th>\n",
       "      <th>macd</th>\n",
       "      <th>boll_ub</th>\n",
       "      <th>boll_lb</th>\n",
       "      <th>rsi_30</th>\n",
       "      <th>cci_30</th>\n",
       "      <th>dx_30</th>\n",
       "      <th>close_30_sma</th>\n",
       "      <th>close_60_sma</th>\n",
       "      <th>vix</th>\n",
       "      <th>turbulence</th>\n",
       "    </tr>\n",
       "    <tr>\n",
       "      <th></th>\n",
       "      <th></th>\n",
       "      <th></th>\n",
       "      <th></th>\n",
       "      <th></th>\n",
       "      <th></th>\n",
       "      <th></th>\n",
       "      <th></th>\n",
       "      <th></th>\n",
       "      <th></th>\n",
       "      <th></th>\n",
       "      <th></th>\n",
       "      <th></th>\n",
       "      <th></th>\n",
       "      <th></th>\n",
       "      <th></th>\n",
       "      <th></th>\n",
       "      <th></th>\n",
       "      <th></th>\n",
       "    </tr>\n",
       "  </thead>\n",
       "  <tbody>\n",
       "    <tr>\n",
       "      <th>0</th>\n",
       "      <td>2022-07-01</td>\n",
       "      <td>136.581268</td>\n",
       "      <td>136.689409</td>\n",
       "      <td>133.366561</td>\n",
       "      <td>133.740127</td>\n",
       "      <td>71051600</td>\n",
       "      <td>AAPL</td>\n",
       "      <td>4</td>\n",
       "      <td>-2.301430</td>\n",
       "      <td>147.113372</td>\n",
       "      <td>125.673679</td>\n",
       "      <td>45.052143</td>\n",
       "      <td>-36.439940</td>\n",
       "      <td>16.701967</td>\n",
       "      <td>138.153920</td>\n",
       "      <td>147.386975</td>\n",
       "      <td>26.700001</td>\n",
       "      <td>29.539496</td>\n",
       "    </tr>\n",
       "    <tr>\n",
       "      <th>0</th>\n",
       "      <td>2022-07-01</td>\n",
       "      <td>221.445786</td>\n",
       "      <td>221.851609</td>\n",
       "      <td>217.089917</td>\n",
       "      <td>219.371560</td>\n",
       "      <td>2745500</td>\n",
       "      <td>AMGN</td>\n",
       "      <td>4</td>\n",
       "      <td>0.040362</td>\n",
       "      <td>226.490870</td>\n",
       "      <td>209.156271</td>\n",
       "      <td>53.167819</td>\n",
       "      <td>-6.989030</td>\n",
       "      <td>3.272451</td>\n",
       "      <td>220.758292</td>\n",
       "      <td>220.249517</td>\n",
       "      <td>26.700001</td>\n",
       "      <td>29.539496</td>\n",
       "    </tr>\n",
       "    <tr>\n",
       "      <th>0</th>\n",
       "      <td>2022-07-01</td>\n",
       "      <td>134.745270</td>\n",
       "      <td>135.215540</td>\n",
       "      <td>131.933285</td>\n",
       "      <td>132.509125</td>\n",
       "      <td>2625300</td>\n",
       "      <td>AXP</td>\n",
       "      <td>4</td>\n",
       "      <td>-5.872341</td>\n",
       "      <td>162.851657</td>\n",
       "      <td>122.620482</td>\n",
       "      <td>40.059075</td>\n",
       "      <td>-91.688955</td>\n",
       "      <td>37.193593</td>\n",
       "      <td>146.824642</td>\n",
       "      <td>156.516553</td>\n",
       "      <td>26.700001</td>\n",
       "      <td>29.539496</td>\n",
       "    </tr>\n",
       "    <tr>\n",
       "      <th>0</th>\n",
       "      <td>2022-07-01</td>\n",
       "      <td>139.839996</td>\n",
       "      <td>141.789993</td>\n",
       "      <td>135.399994</td>\n",
       "      <td>135.880005</td>\n",
       "      <td>7627100</td>\n",
       "      <td>BA</td>\n",
       "      <td>4</td>\n",
       "      <td>0.295126</td>\n",
       "      <td>148.248396</td>\n",
       "      <td>122.092606</td>\n",
       "      <td>47.124452</td>\n",
       "      <td>74.248052</td>\n",
       "      <td>0.310288</td>\n",
       "      <td>132.643000</td>\n",
       "      <td>145.353833</td>\n",
       "      <td>26.700001</td>\n",
       "      <td>29.539496</td>\n",
       "    </tr>\n",
       "    <tr>\n",
       "      <th>0</th>\n",
       "      <td>2022-07-01</td>\n",
       "      <td>167.587509</td>\n",
       "      <td>170.435636</td>\n",
       "      <td>163.291847</td>\n",
       "      <td>168.546284</td>\n",
       "      <td>3423100</td>\n",
       "      <td>CAT</td>\n",
       "      <td>4</td>\n",
       "      <td>-8.327275</td>\n",
       "      <td>222.107130</td>\n",
       "      <td>155.122267</td>\n",
       "      <td>37.833418</td>\n",
       "      <td>-137.073967</td>\n",
       "      <td>45.987422</td>\n",
       "      <td>191.767993</td>\n",
       "      <td>197.011469</td>\n",
       "      <td>26.700001</td>\n",
       "      <td>29.539496</td>\n",
       "    </tr>\n",
       "  </tbody>\n",
       "</table>\n",
       "</div>"
      ],
      "text/plain": [
       "         date       close        high         low        open    volume   tic  \\\n",
       "                                                                                \n",
       "0  2022-07-01  136.581268  136.689409  133.366561  133.740127  71051600  AAPL   \n",
       "0  2022-07-01  221.445786  221.851609  217.089917  219.371560   2745500  AMGN   \n",
       "0  2022-07-01  134.745270  135.215540  131.933285  132.509125   2625300   AXP   \n",
       "0  2022-07-01  139.839996  141.789993  135.399994  135.880005   7627100    BA   \n",
       "0  2022-07-01  167.587509  170.435636  163.291847  168.546284   3423100   CAT   \n",
       "\n",
       "   day      macd     boll_ub     boll_lb     rsi_30      cci_30      dx_30  \\\n",
       "                                                                             \n",
       "0    4 -2.301430  147.113372  125.673679  45.052143  -36.439940  16.701967   \n",
       "0    4  0.040362  226.490870  209.156271  53.167819   -6.989030   3.272451   \n",
       "0    4 -5.872341  162.851657  122.620482  40.059075  -91.688955  37.193593   \n",
       "0    4  0.295126  148.248396  122.092606  47.124452   74.248052   0.310288   \n",
       "0    4 -8.327275  222.107130  155.122267  37.833418 -137.073967  45.987422   \n",
       "\n",
       "   close_30_sma  close_60_sma        vix  turbulence  \n",
       "                                                      \n",
       "0    138.153920    147.386975  26.700001   29.539496  \n",
       "0    220.758292    220.249517  26.700001   29.539496  \n",
       "0    146.824642    156.516553  26.700001   29.539496  \n",
       "0    132.643000    145.353833  26.700001   29.539496  \n",
       "0    191.767993    197.011469  26.700001   29.539496  "
      ]
     },
     "execution_count": 3,
     "metadata": {},
     "output_type": "execute_result"
    }
   ],
   "source": [
    "trade.head()"
   ]
  },
  {
   "cell_type": "code",
   "execution_count": 4,
   "id": "b672b144",
   "metadata": {},
   "outputs": [
    {
     "name": "stdout",
     "output_type": "stream",
     "text": [
      "Stock Dimension: 29, State Space: 291\n"
     ]
    }
   ],
   "source": [
    "stock_dimension = len(trade.tic.unique())\n",
    "state_space = 1 + 2*stock_dimension + len(INDICATORS)*stock_dimension\n",
    "print(f\"Stock Dimension: {stock_dimension}, State Space: {state_space}\")"
   ]
  },
  {
   "cell_type": "code",
   "execution_count": 5,
   "id": "7b07db8a",
   "metadata": {},
   "outputs": [],
   "source": [
    "df_account_value_dt = pd.read_pickle('data/df_account_value_dt.pkl')\n",
    "df_actions_dt = pd.read_pickle('data/df_actions_dt.pkl')"
   ]
  },
  {
   "cell_type": "code",
   "execution_count": 6,
   "id": "3f3ea23b",
   "metadata": {},
   "outputs": [],
   "source": [
    "df_account_value_ppo = pd.read_pickle('data/df_account_value_ppo.pkl')\n",
    "df_actions_ppo = pd.read_pickle('data/df_actions_ppo.pkl')"
   ]
  },
  {
   "cell_type": "code",
   "execution_count": 7,
   "id": "3b575087",
   "metadata": {},
   "outputs": [],
   "source": [
    "# Helps us process data into a form for weight calculation\n",
    "def process_df_for_mvo(df):\n",
    "  df = df.sort_values(['date','tic'],ignore_index=True)[['date','tic','close']]\n",
    "  fst = df\n",
    "  fst = fst.iloc[0:stock_dimension, :]\n",
    "  tic = fst['tic'].tolist()\n",
    "\n",
    "  mvo = pd.DataFrame()\n",
    "\n",
    "  for k in range(len(tic)):\n",
    "    mvo[tic[k]] = 0\n",
    "\n",
    "  for i in range(df.shape[0]//stock_dimension):\n",
    "    n = df\n",
    "    n = n.iloc[i * stock_dimension:(i+1) * stock_dimension, :]\n",
    "    date = n['date'][i*stock_dimension]\n",
    "    mvo.loc[date] = n['close'].tolist()\n",
    "\n",
    "  return mvo\n",
    "\n",
    "# Calculates weights of average return and covariance matrix\n",
    "def StockReturnsComputing(StockPrice, Rows, Columns):\n",
    "  StockReturn = np.zeros([Rows-1, Columns])\n",
    "  for j in range(Columns):        # j: Assets\n",
    "    for i in range(Rows-1):     # i: Daily Prices\n",
    "      StockReturn[i,j]=((StockPrice[i+1, j]-StockPrice[i,j])/StockPrice[i,j])* 100\n",
    "\n",
    "  return StockReturn"
   ]
  },
  {
   "cell_type": "code",
   "execution_count": 8,
   "id": "56e4d2de",
   "metadata": {},
   "outputs": [
    {
     "data": {
      "text/plain": [
       "array([[136.58126831, 221.44578552, 134.74526978, ...,  40.98118973,\n",
       "         32.47948456,  39.16988754],\n",
       "       [139.16682434, 222.50996399, 134.02546692, ...,  40.80659866,\n",
       "         32.43736649,  39.68733978],\n",
       "       [140.5038147 , 221.17521667, 132.58590698, ...,  40.87802124,\n",
       "         31.82247734,  39.96842194],\n",
       "       ...,\n",
       "       [168.67868042, 257.03622437, 233.26693726, ...,  35.54792404,\n",
       "         16.45373917,  59.25400162],\n",
       "       [168.09291077, 257.60870361, 231.83052063, ...,  35.96485138,\n",
       "         16.54722786,  59.20479965],\n",
       "       [172.26293945, 263.7154541 , 235.05747986, ...,  36.33646393,\n",
       "         16.84638596,  59.283535  ]], shape=(459, 29))"
      ]
     },
     "execution_count": 8,
     "metadata": {},
     "output_type": "execute_result"
    }
   ],
   "source": [
    "StockData = process_df_for_mvo(train)\n",
    "TradeData = process_df_for_mvo(trade)\n",
    "\n",
    "TradeData.to_numpy()"
   ]
  },
  {
   "cell_type": "code",
   "execution_count": 9,
   "id": "f91cb4c3",
   "metadata": {},
   "outputs": [
    {
     "data": {
      "text/html": [
       "<div>\n",
       "<style scoped>\n",
       "    .dataframe tbody tr th:only-of-type {\n",
       "        vertical-align: middle;\n",
       "    }\n",
       "\n",
       "    .dataframe tbody tr th {\n",
       "        vertical-align: top;\n",
       "    }\n",
       "\n",
       "    .dataframe thead th {\n",
       "        text-align: right;\n",
       "    }\n",
       "</style>\n",
       "<table border=\"1\" class=\"dataframe\">\n",
       "  <thead>\n",
       "    <tr style=\"text-align: right;\">\n",
       "      <th></th>\n",
       "      <th>AAPL</th>\n",
       "      <th>AMGN</th>\n",
       "      <th>AXP</th>\n",
       "      <th>BA</th>\n",
       "      <th>CAT</th>\n",
       "      <th>CRM</th>\n",
       "      <th>CSCO</th>\n",
       "      <th>CVX</th>\n",
       "      <th>DIS</th>\n",
       "      <th>GS</th>\n",
       "      <th>...</th>\n",
       "      <th>MRK</th>\n",
       "      <th>MSFT</th>\n",
       "      <th>NKE</th>\n",
       "      <th>PG</th>\n",
       "      <th>TRV</th>\n",
       "      <th>UNH</th>\n",
       "      <th>V</th>\n",
       "      <th>VZ</th>\n",
       "      <th>WBA</th>\n",
       "      <th>WMT</th>\n",
       "    </tr>\n",
       "  </thead>\n",
       "  <tbody>\n",
       "    <tr>\n",
       "      <th>2022-07-01</th>\n",
       "      <td>136.581268</td>\n",
       "      <td>221.445786</td>\n",
       "      <td>134.745270</td>\n",
       "      <td>139.839996</td>\n",
       "      <td>167.587509</td>\n",
       "      <td>166.449097</td>\n",
       "      <td>38.319653</td>\n",
       "      <td>128.434250</td>\n",
       "      <td>94.563560</td>\n",
       "      <td>274.996887</td>\n",
       "      <td>...</td>\n",
       "      <td>83.830002</td>\n",
       "      <td>252.742844</td>\n",
       "      <td>95.991638</td>\n",
       "      <td>134.565140</td>\n",
       "      <td>160.636551</td>\n",
       "      <td>490.046234</td>\n",
       "      <td>194.335037</td>\n",
       "      <td>40.981190</td>\n",
       "      <td>32.479485</td>\n",
       "      <td>39.169888</td>\n",
       "    </tr>\n",
       "    <tr>\n",
       "      <th>2022-07-05</th>\n",
       "      <td>139.166824</td>\n",
       "      <td>222.509964</td>\n",
       "      <td>134.025467</td>\n",
       "      <td>137.699997</td>\n",
       "      <td>163.329483</td>\n",
       "      <td>170.407455</td>\n",
       "      <td>38.083675</td>\n",
       "      <td>125.059288</td>\n",
       "      <td>95.586502</td>\n",
       "      <td>273.131287</td>\n",
       "      <td>...</td>\n",
       "      <td>84.029556</td>\n",
       "      <td>255.926773</td>\n",
       "      <td>98.970634</td>\n",
       "      <td>133.266495</td>\n",
       "      <td>156.901703</td>\n",
       "      <td>478.529022</td>\n",
       "      <td>195.661942</td>\n",
       "      <td>40.806599</td>\n",
       "      <td>32.437366</td>\n",
       "      <td>39.687340</td>\n",
       "    </tr>\n",
       "    <tr>\n",
       "      <th>2022-07-06</th>\n",
       "      <td>140.503815</td>\n",
       "      <td>221.175217</td>\n",
       "      <td>132.585907</td>\n",
       "      <td>136.309998</td>\n",
       "      <td>161.966507</td>\n",
       "      <td>170.931931</td>\n",
       "      <td>38.746231</td>\n",
       "      <td>123.411209</td>\n",
       "      <td>94.504539</td>\n",
       "      <td>269.969849</td>\n",
       "      <td>...</td>\n",
       "      <td>84.474022</td>\n",
       "      <td>259.198181</td>\n",
       "      <td>98.885239</td>\n",
       "      <td>134.509888</td>\n",
       "      <td>159.435394</td>\n",
       "      <td>488.047729</td>\n",
       "      <td>196.227844</td>\n",
       "      <td>40.878021</td>\n",
       "      <td>31.822477</td>\n",
       "      <td>39.968422</td>\n",
       "    </tr>\n",
       "    <tr>\n",
       "      <th>2022-07-07</th>\n",
       "      <td>143.875854</td>\n",
       "      <td>223.132248</td>\n",
       "      <td>135.349915</td>\n",
       "      <td>139.970001</td>\n",
       "      <td>169.458069</td>\n",
       "      <td>174.801254</td>\n",
       "      <td>39.227272</td>\n",
       "      <td>125.813179</td>\n",
       "      <td>95.832405</td>\n",
       "      <td>274.417877</td>\n",
       "      <td>...</td>\n",
       "      <td>84.365173</td>\n",
       "      <td>261.330566</td>\n",
       "      <td>102.585258</td>\n",
       "      <td>134.463821</td>\n",
       "      <td>159.182022</td>\n",
       "      <td>487.185852</td>\n",
       "      <td>197.866989</td>\n",
       "      <td>40.749451</td>\n",
       "      <td>32.184669</td>\n",
       "      <td>40.029114</td>\n",
       "    </tr>\n",
       "    <tr>\n",
       "      <th>2022-07-08</th>\n",
       "      <td>144.554199</td>\n",
       "      <td>224.088165</td>\n",
       "      <td>136.050507</td>\n",
       "      <td>139.070007</td>\n",
       "      <td>168.348907</td>\n",
       "      <td>173.673111</td>\n",
       "      <td>39.381565</td>\n",
       "      <td>125.155678</td>\n",
       "      <td>94.288155</td>\n",
       "      <td>272.460358</td>\n",
       "      <td>...</td>\n",
       "      <td>84.156555</td>\n",
       "      <td>260.610077</td>\n",
       "      <td>102.395523</td>\n",
       "      <td>133.561264</td>\n",
       "      <td>158.590836</td>\n",
       "      <td>491.211182</td>\n",
       "      <td>198.618256</td>\n",
       "      <td>40.572666</td>\n",
       "      <td>31.628748</td>\n",
       "      <td>40.054668</td>\n",
       "    </tr>\n",
       "  </tbody>\n",
       "</table>\n",
       "<p>5 rows × 29 columns</p>\n",
       "</div>"
      ],
      "text/plain": [
       "                  AAPL        AMGN         AXP          BA         CAT  \\\n",
       "2022-07-01  136.581268  221.445786  134.745270  139.839996  167.587509   \n",
       "2022-07-05  139.166824  222.509964  134.025467  137.699997  163.329483   \n",
       "2022-07-06  140.503815  221.175217  132.585907  136.309998  161.966507   \n",
       "2022-07-07  143.875854  223.132248  135.349915  139.970001  169.458069   \n",
       "2022-07-08  144.554199  224.088165  136.050507  139.070007  168.348907   \n",
       "\n",
       "                   CRM       CSCO         CVX        DIS          GS  ...  \\\n",
       "2022-07-01  166.449097  38.319653  128.434250  94.563560  274.996887  ...   \n",
       "2022-07-05  170.407455  38.083675  125.059288  95.586502  273.131287  ...   \n",
       "2022-07-06  170.931931  38.746231  123.411209  94.504539  269.969849  ...   \n",
       "2022-07-07  174.801254  39.227272  125.813179  95.832405  274.417877  ...   \n",
       "2022-07-08  173.673111  39.381565  125.155678  94.288155  272.460358  ...   \n",
       "\n",
       "                  MRK        MSFT         NKE          PG         TRV  \\\n",
       "2022-07-01  83.830002  252.742844   95.991638  134.565140  160.636551   \n",
       "2022-07-05  84.029556  255.926773   98.970634  133.266495  156.901703   \n",
       "2022-07-06  84.474022  259.198181   98.885239  134.509888  159.435394   \n",
       "2022-07-07  84.365173  261.330566  102.585258  134.463821  159.182022   \n",
       "2022-07-08  84.156555  260.610077  102.395523  133.561264  158.590836   \n",
       "\n",
       "                   UNH           V         VZ        WBA        WMT  \n",
       "2022-07-01  490.046234  194.335037  40.981190  32.479485  39.169888  \n",
       "2022-07-05  478.529022  195.661942  40.806599  32.437366  39.687340  \n",
       "2022-07-06  488.047729  196.227844  40.878021  31.822477  39.968422  \n",
       "2022-07-07  487.185852  197.866989  40.749451  32.184669  40.029114  \n",
       "2022-07-08  491.211182  198.618256  40.572666  31.628748  40.054668  \n",
       "\n",
       "[5 rows x 29 columns]"
      ]
     },
     "execution_count": 9,
     "metadata": {},
     "output_type": "execute_result"
    }
   ],
   "source": [
    "TradeData.head()"
   ]
  },
  {
   "cell_type": "code",
   "execution_count": 10,
   "id": "f9ffb659",
   "metadata": {},
   "outputs": [
    {
     "name": "stdout",
     "output_type": "stream",
     "text": [
      "Mean returns of assets in k-portfolio 1\n",
      " [0.131 0.062 0.089 0.067 0.07  0.115 0.052 0.05  0.059 0.063 0.093 0.07\n",
      " 0.039 0.056 0.049 0.071 0.049 0.059 0.044 0.057 0.097 0.08  0.043 0.06\n",
      " 0.108 0.097 0.039 0.038 0.039]\n",
      "Variance-Covariance matrix of returns\n",
      " [[3.296 1.026 1.667 1.691 1.53  1.941 1.539 1.161 1.28  1.711 1.31  1.362\n",
      "  1.116 1.697 0.707 1.68  0.704 0.88  1.139 0.763 1.709 1.368 0.743 0.955\n",
      "  1.245 1.486 0.592 1.019 0.647]\n",
      " [1.026 2.489 1.19  1.025 1.086 1.205 1.044 0.953 0.941 1.139 0.986 1.022\n",
      "  0.833 1.147 0.888 1.238 0.656 0.677 0.948 1.086 1.109 0.882 0.75  0.884\n",
      "  1.192 1.04  0.65  1.036 0.635]\n",
      " [1.667 1.19  4.853 2.897 2.54  2.004 1.843 2.149 2.208 3.037 1.748 2.23\n",
      "  1.529 1.939 0.937 3.582 1.106 1.242 1.74  1.107 1.764 1.841 0.93  1.909\n",
      "  1.706 2.306 0.918 1.448 0.629]\n",
      " [1.691 1.025 2.897 5.287 2.373 1.957 1.651 2.167 2.096 2.428 1.645 2.315\n",
      "  1.557 1.868 0.883 2.616 1.121 1.249 1.586 0.949 1.581 1.795 0.802 1.66\n",
      "  1.565 1.836 0.769 1.472 0.601]\n",
      " [1.53  1.086 2.54  2.373 3.922 1.88  1.747 2.059 1.746 2.362 1.431 2.14\n",
      "  1.462 1.804 0.849 2.531 0.899 0.906 1.795 0.992 1.509 1.535 0.766 1.447\n",
      "  1.341 1.595 0.855 1.345 0.637]\n",
      " [1.941 1.205 2.004 1.957 1.88  5.584 1.873 1.365 1.671 1.972 1.587 1.664\n",
      "  1.274 1.914 0.76  1.967 0.787 1.042 1.326 0.935 2.116 1.774 0.732 1.146\n",
      "  1.26  1.915 0.687 1.126 0.648]\n",
      " [1.539 1.044 1.843 1.651 1.747 1.873 2.995 1.377 1.465 1.8   1.3   1.534\n",
      "  1.336 1.767 0.853 1.898 0.795 0.877 1.343 0.921 1.647 1.327 0.839 1.146\n",
      "  1.187 1.43  0.753 1.163 0.723]\n",
      " [1.161 0.953 2.149 2.167 2.059 1.365 1.377 2.989 1.47  1.978 1.258 1.713\n",
      "  1.288 1.466 0.818 2.193 0.908 0.979 1.32  1.    1.255 1.197 0.718 1.432\n",
      "  1.355 1.399 0.788 1.105 0.524]\n",
      " [1.28  0.941 2.208 2.096 1.746 1.671 1.465 1.47  2.823 1.924 1.357 1.704\n",
      "  1.135 1.436 0.734 2.14  0.885 0.933 1.297 0.844 1.347 1.411 0.775 1.221\n",
      "  1.184 1.506 0.749 1.119 0.607]\n",
      " [1.711 1.139 3.037 2.428 2.362 1.972 1.8   1.978 1.924 4.217 1.647 2.014\n",
      "  1.51  1.883 0.872 3.737 0.914 1.032 1.645 1.041 1.658 1.627 0.823 1.805\n",
      "  1.573 1.907 0.876 1.415 0.654]\n",
      " [1.31  0.986 1.748 1.645 1.431 1.587 1.3   1.258 1.357 1.647 2.362 1.412\n",
      "  1.069 1.419 0.713 1.746 0.78  0.961 1.173 0.807 1.352 1.392 0.778 1.185\n",
      "  1.227 1.338 0.7   1.032 0.766]\n",
      " [1.362 1.022 2.23  2.315 2.14  1.664 1.534 1.713 1.704 2.014 1.412 2.461\n",
      "  1.272 1.544 0.843 2.222 0.941 0.971 1.566 0.938 1.401 1.477 0.781 1.348\n",
      "  1.342 1.508 0.757 1.22  0.59 ]\n",
      " [1.116 0.833 1.529 1.557 1.462 1.274 1.336 1.288 1.135 1.51  1.069 1.272\n",
      "  2.084 1.355 0.703 1.663 0.78  0.759 1.131 0.765 1.168 1.041 0.71  1.063\n",
      "  1.012 1.177 0.704 1.015 0.545]\n",
      " [1.697 1.147 1.939 1.868 1.804 1.914 1.767 1.466 1.436 1.883 1.419 1.544\n",
      "  1.355 3.494 0.787 1.966 0.81  0.863 1.307 0.893 1.867 1.331 0.776 1.234\n",
      "  1.261 1.462 0.752 1.151 0.71 ]\n",
      " [0.707 0.888 0.937 0.883 0.849 0.76  0.853 0.818 0.734 0.872 0.713 0.843\n",
      "  0.703 0.787 1.138 0.947 0.639 0.557 0.812 0.845 0.769 0.693 0.683 0.725\n",
      "  0.893 0.776 0.578 0.79  0.53 ]\n",
      " [1.68  1.238 3.582 2.616 2.531 1.967 1.898 2.193 2.14  3.737 1.746 2.222\n",
      "  1.663 1.966 0.947 4.939 1.044 1.144 1.768 1.165 1.718 1.748 0.959 2.074\n",
      "  1.687 2.053 1.033 1.543 0.7  ]\n",
      " [0.704 0.656 1.106 1.121 0.899 0.787 0.795 0.908 0.885 0.914 0.78  0.941\n",
      "  0.78  0.81  0.639 1.044 1.279 0.681 0.787 0.693 0.782 0.801 0.748 0.885\n",
      "  0.822 0.808 0.613 0.738 0.516]\n",
      " [0.88  0.677 1.242 1.249 0.906 1.042 0.877 0.979 0.933 1.032 0.961 0.971\n",
      "  0.759 0.863 0.557 1.144 0.681 1.471 0.781 0.662 0.917 0.989 0.604 0.939\n",
      "  0.886 0.974 0.502 0.663 0.496]\n",
      " [1.139 0.948 1.74  1.586 1.795 1.326 1.343 1.32  1.297 1.645 1.173 1.566\n",
      "  1.131 1.307 0.812 1.768 0.787 0.781 1.991 0.813 1.147 1.169 0.743 1.15\n",
      "  1.092 1.197 0.704 1.103 0.576]\n",
      " [0.763 1.086 1.107 0.949 0.992 0.935 0.921 1.    0.844 1.041 0.807 0.938\n",
      "  0.765 0.893 0.845 1.165 0.693 0.662 0.813 1.982 0.877 0.777 0.691 0.911\n",
      "  1.082 0.864 0.676 0.837 0.565]\n",
      " [1.709 1.109 1.764 1.581 1.509 2.116 1.647 1.255 1.347 1.658 1.352 1.401\n",
      "  1.168 1.867 0.769 1.718 0.782 0.917 1.147 0.877 2.799 1.336 0.802 1.09\n",
      "  1.236 1.51  0.689 1.033 0.685]\n",
      " [1.368 0.882 1.841 1.795 1.535 1.774 1.327 1.197 1.411 1.627 1.392 1.477\n",
      "  1.041 1.331 0.693 1.748 0.801 0.989 1.169 0.777 1.336 3.001 0.727 1.08\n",
      "  1.181 1.424 0.64  1.01  0.612]\n",
      " [0.743 0.75  0.93  0.802 0.766 0.732 0.839 0.718 0.775 0.823 0.778 0.781\n",
      "  0.71  0.776 0.683 0.959 0.748 0.604 0.743 0.691 0.802 0.727 1.272 0.761\n",
      "  0.763 0.736 0.634 0.763 0.646]\n",
      " [0.955 0.884 1.909 1.66  1.447 1.146 1.146 1.432 1.221 1.805 1.185 1.348\n",
      "  1.063 1.234 0.725 2.074 0.885 0.939 1.15  0.911 1.09  1.08  0.761 2.27\n",
      "  1.177 1.253 0.775 1.001 0.622]\n",
      " [1.245 1.192 1.706 1.565 1.341 1.26  1.187 1.355 1.184 1.573 1.227 1.342\n",
      "  1.012 1.261 0.893 1.687 0.822 0.886 1.092 1.082 1.236 1.181 0.763 1.177\n",
      "  3.16  1.212 0.672 1.109 0.658]\n",
      " [1.486 1.04  2.306 1.836 1.595 1.915 1.43  1.399 1.506 1.907 1.338 1.508\n",
      "  1.177 1.462 0.776 2.053 0.808 0.974 1.197 0.864 1.51  1.424 0.736 1.253\n",
      "  1.212 2.985 0.668 0.988 0.611]\n",
      " [0.592 0.65  0.918 0.769 0.855 0.687 0.753 0.788 0.749 0.876 0.7   0.757\n",
      "  0.704 0.752 0.578 1.033 0.613 0.502 0.704 0.676 0.689 0.64  0.634 0.775\n",
      "  0.672 0.668 1.316 0.693 0.527]\n",
      " [1.019 1.036 1.448 1.472 1.345 1.126 1.163 1.105 1.119 1.415 1.032 1.22\n",
      "  1.015 1.151 0.79  1.543 0.738 0.663 1.103 0.837 1.033 1.01  0.763 1.001\n",
      "  1.109 0.988 0.693 3.186 0.75 ]\n",
      " [0.647 0.635 0.629 0.601 0.637 0.648 0.723 0.524 0.607 0.654 0.766 0.59\n",
      "  0.545 0.71  0.53  0.7   0.516 0.496 0.576 0.565 0.685 0.612 0.646 0.622\n",
      "  0.658 0.611 0.527 0.75  1.508]]\n"
     ]
    }
   ],
   "source": [
    "#compute asset returns\n",
    "arStockPrices = np.asarray(StockData)\n",
    "[Rows, Cols]=arStockPrices.shape\n",
    "arReturns = StockReturnsComputing(arStockPrices, Rows, Cols)\n",
    "\n",
    "#compute mean returns and variance covariance matrix of returns\n",
    "meanReturns = np.mean(arReturns, axis = 0)\n",
    "covReturns = np.cov(arReturns, rowvar=False)\n",
    "\n",
    "#set precision for printing results\n",
    "np.set_printoptions(precision=3, suppress = True)\n",
    "\n",
    "#display mean returns and variance-covariance matrix of returns\n",
    "print('Mean returns of assets in k-portfolio 1\\n', meanReturns)\n",
    "print('Variance-Covariance matrix of returns\\n', covReturns)"
   ]
  },
  {
   "cell_type": "code",
   "execution_count": 11,
   "id": "5356ef29",
   "metadata": {},
   "outputs": [
    {
     "data": {
      "text/plain": [
       "array([370280.,      0.,      0.,      0.,      0.,  36860.,      0.,\n",
       "            0.,      0.,      0., 170290.,      0.,      0.,      0.,\n",
       "         9030.,      0.,      0.,  25180.,      0.,  25760.,  32130.,\n",
       "            0.,      0.,      0., 238790.,  91680.,      0.,      0.,\n",
       "            0.])"
      ]
     },
     "execution_count": 11,
     "metadata": {},
     "output_type": "execute_result"
    }
   ],
   "source": [
    "ef_mean = EfficientFrontier(meanReturns, covReturns, weight_bounds=(0, 0.5))\n",
    "raw_weights_mean = ef_mean.max_sharpe()\n",
    "cleaned_weights_mean = ef_mean.clean_weights()\n",
    "\n",
    "# Use shape of 'Last Price' in the range to avoid shape mismatch error\n",
    "mvo_weights = np.array([1000000 * cleaned_weights_mean[i] for i in range(29)])\n",
    "\n",
    "mvo_weights"
   ]
  },
  {
   "cell_type": "code",
   "execution_count": 12,
   "id": "453c8738",
   "metadata": {},
   "outputs": [
    {
     "data": {
      "text/plain": [
       "(29,)"
      ]
     },
     "execution_count": 12,
     "metadata": {},
     "output_type": "execute_result"
    }
   ],
   "source": [
    "mvo_weights.shape"
   ]
  },
  {
   "cell_type": "code",
   "execution_count": 13,
   "id": "30cf7f2e",
   "metadata": {},
   "outputs": [],
   "source": [
    "LastPrice = np.array([1/p for p in StockData.tail(1).to_numpy()[0]])"
   ]
  },
  {
   "cell_type": "code",
   "execution_count": 14,
   "id": "a57512f5",
   "metadata": {},
   "outputs": [
    {
     "data": {
      "text/plain": [
       "(29,)"
      ]
     },
     "execution_count": 14,
     "metadata": {},
     "output_type": "execute_result"
    }
   ],
   "source": [
    "LastPrice.shape"
   ]
  },
  {
   "cell_type": "code",
   "execution_count": 15,
   "id": "7a6386a7",
   "metadata": {},
   "outputs": [
    {
     "data": {
      "text/plain": [
       "array([2754.882,    0.   ,    0.   ,    0.   ,    0.   ,  225.689,\n",
       "          0.   ,    0.   ,    0.   ,    0.   ,  674.185,    0.   ,\n",
       "          0.   ,    0.   ,   56.109,    0.   ,    0.   ,  109.879,\n",
       "          0.   ,  311.502,  128.486,    0.   ,    0.   ,    0.   ,\n",
       "        490.857,  477.25 ,    0.   ,    0.   ,    0.   ])"
      ]
     },
     "execution_count": 15,
     "metadata": {},
     "output_type": "execute_result"
    }
   ],
   "source": [
    "Initial_Portfolio = np.multiply(mvo_weights, LastPrice)\n",
    "\n",
    "Initial_Portfolio"
   ]
  },
  {
   "cell_type": "code",
   "execution_count": 16,
   "id": "1a7429b9",
   "metadata": {},
   "outputs": [
    {
     "data": {
      "text/html": [
       "<div>\n",
       "<style scoped>\n",
       "    .dataframe tbody tr th:only-of-type {\n",
       "        vertical-align: middle;\n",
       "    }\n",
       "\n",
       "    .dataframe tbody tr th {\n",
       "        vertical-align: top;\n",
       "    }\n",
       "\n",
       "    .dataframe thead th {\n",
       "        text-align: right;\n",
       "    }\n",
       "</style>\n",
       "<table border=\"1\" class=\"dataframe\">\n",
       "  <thead>\n",
       "    <tr style=\"text-align: right;\">\n",
       "      <th></th>\n",
       "      <th>Mean Var</th>\n",
       "    </tr>\n",
       "  </thead>\n",
       "  <tbody>\n",
       "    <tr>\n",
       "      <th>2022-07-01</th>\n",
       "      <td>1.013916e+06</td>\n",
       "    </tr>\n",
       "    <tr>\n",
       "      <th>2022-07-05</th>\n",
       "      <td>1.020132e+06</td>\n",
       "    </tr>\n",
       "    <tr>\n",
       "      <th>2022-07-06</th>\n",
       "      <td>1.029265e+06</td>\n",
       "    </tr>\n",
       "    <tr>\n",
       "      <th>2022-07-07</th>\n",
       "      <td>1.042120e+06</td>\n",
       "    </tr>\n",
       "    <tr>\n",
       "      <th>2022-07-08</th>\n",
       "      <td>1.045793e+06</td>\n",
       "    </tr>\n",
       "    <tr>\n",
       "      <th>...</th>\n",
       "      <td>...</td>\n",
       "    </tr>\n",
       "    <tr>\n",
       "      <th>2024-04-23</th>\n",
       "      <td>1.226733e+06</td>\n",
       "    </tr>\n",
       "    <tr>\n",
       "      <th>2024-04-24</th>\n",
       "      <td>1.229648e+06</td>\n",
       "    </tr>\n",
       "    <tr>\n",
       "      <th>2024-04-25</th>\n",
       "      <td>1.233486e+06</td>\n",
       "    </tr>\n",
       "    <tr>\n",
       "      <th>2024-04-26</th>\n",
       "      <td>1.235324e+06</td>\n",
       "    </tr>\n",
       "    <tr>\n",
       "      <th>2024-04-29</th>\n",
       "      <td>1.243217e+06</td>\n",
       "    </tr>\n",
       "  </tbody>\n",
       "</table>\n",
       "<p>459 rows × 1 columns</p>\n",
       "</div>"
      ],
      "text/plain": [
       "                Mean Var\n",
       "2022-07-01  1.013916e+06\n",
       "2022-07-05  1.020132e+06\n",
       "2022-07-06  1.029265e+06\n",
       "2022-07-07  1.042120e+06\n",
       "2022-07-08  1.045793e+06\n",
       "...                  ...\n",
       "2024-04-23  1.226733e+06\n",
       "2024-04-24  1.229648e+06\n",
       "2024-04-25  1.233486e+06\n",
       "2024-04-26  1.235324e+06\n",
       "2024-04-29  1.243217e+06\n",
       "\n",
       "[459 rows x 1 columns]"
      ]
     },
     "execution_count": 16,
     "metadata": {},
     "output_type": "execute_result"
    }
   ],
   "source": [
    "Portfolio_Assets = TradeData @ Initial_Portfolio\n",
    "MVO_result = pd.DataFrame(Portfolio_Assets, columns=[\"Mean Var\"])\n",
    "\n",
    "MVO_result"
   ]
  },
  {
   "cell_type": "code",
   "execution_count": 17,
   "id": "fe046edf",
   "metadata": {},
   "outputs": [],
   "source": [
    "TRAIN_START_DATE = '2009-01-01'\n",
    "TRAIN_END_DATE = '2022-07-01'\n",
    "TRADE_START_DATE = '2022-07-01'\n",
    "TRADE_END_DATE = '2024-05-01'\n"
   ]
  },
  {
   "cell_type": "code",
   "execution_count": 18,
   "id": "4ef23601",
   "metadata": {},
   "outputs": [
    {
     "name": "stderr",
     "output_type": "stream",
     "text": [
      "[*********************100%***********************]  1 of 1 completed"
     ]
    },
    {
     "name": "stdout",
     "output_type": "stream",
     "text": [
      "Shape of DataFrame:  (460, 8)\n"
     ]
    },
    {
     "name": "stderr",
     "output_type": "stream",
     "text": [
      "\n"
     ]
    }
   ],
   "source": [
    "df_dji = YahooDownloader(start_date = TRADE_START_DATE,\n",
    "                        end_date = TRADE_END_DATE,\n",
    "                        ticker_list = ['^dji']).fetch_data()"
   ]
  },
  {
   "cell_type": "code",
   "execution_count": 19,
   "id": "4db53ddd",
   "metadata": {},
   "outputs": [],
   "source": [
    "df_dji = df_dji[['date','close']]\n",
    "fst_day = df_dji['close'][0]\n",
    "dji = pd.merge(df_dji['date'], df_dji['close'].div(fst_day).mul(1000000),\n",
    "               how='outer', left_index=True, right_index=True).set_index('date')"
   ]
  },
  {
   "cell_type": "code",
   "execution_count": 20,
   "id": "b31c901d",
   "metadata": {},
   "outputs": [],
   "source": [
    "df_result_dt = df_account_value_dt.set_index(df_account_value_dt.columns[0]) #if if_using_a2c else None\n",
    "\n",
    "result = pd.DataFrame()\n",
    "dt_result = pd.merge(result, df_result_dt, how='outer', left_index=True, right_index=True)"
   ]
  },
  {
   "cell_type": "code",
   "execution_count": 21,
   "id": "e5a7e043",
   "metadata": {},
   "outputs": [],
   "source": [
    "col_name = []\n",
    "col_name.append('DT')\n",
    "dt_result.columns = col_name"
   ]
  },
  {
   "cell_type": "code",
   "execution_count": 22,
   "id": "df27cdad",
   "metadata": {},
   "outputs": [],
   "source": [
    "df_result_ppo = df_account_value_ppo.set_index(df_account_value_ppo.columns[0]) #if if_using_a2c else None\n",
    "\n",
    "result = pd.DataFrame()\n",
    "result = pd.merge(result, df_result_ppo, how='outer', left_index=True, right_index=True)"
   ]
  },
  {
   "cell_type": "code",
   "execution_count": 23,
   "id": "716096fa",
   "metadata": {},
   "outputs": [],
   "source": [
    "col_name = []\n",
    "col_name.append('PPO')\n",
    "result.columns = col_name"
   ]
  },
  {
   "cell_type": "code",
   "execution_count": 24,
   "id": "893e4dfb",
   "metadata": {},
   "outputs": [
    {
     "name": "stderr",
     "output_type": "stream",
     "text": [
      "C:\\Users\\drebi\\AppData\\Local\\Temp\\ipykernel_36420\\1187476257.py:3: FutureWarning: DataFrame.fillna with 'method' is deprecated and will raise in a future version. Use obj.ffill() or obj.bfill() instead.\n",
      "  result = pd.merge(result, dji, how='outer', left_index=True, right_index=True).fillna(method='bfill')\n"
     ]
    }
   ],
   "source": [
    "result = pd.merge(result, dt_result, how='outer', left_index=True, right_index=True)\n",
    "result = pd.merge(result, MVO_result, how='outer', left_index=True, right_index=True)\n",
    "result = pd.merge(result, dji, how='outer', left_index=True, right_index=True).fillna(method='bfill')"
   ]
  },
  {
   "cell_type": "code",
   "execution_count": 25,
   "id": "b5cfed71",
   "metadata": {},
   "outputs": [],
   "source": [
    "result.rename(columns={'close':'DJI'}, inplace=True)\n"
   ]
  },
  {
   "cell_type": "code",
   "execution_count": 26,
   "id": "b0d881d8",
   "metadata": {},
   "outputs": [
    {
     "data": {
      "text/html": [
       "<div>\n",
       "<style scoped>\n",
       "    .dataframe tbody tr th:only-of-type {\n",
       "        vertical-align: middle;\n",
       "    }\n",
       "\n",
       "    .dataframe tbody tr th {\n",
       "        vertical-align: top;\n",
       "    }\n",
       "\n",
       "    .dataframe thead th {\n",
       "        text-align: right;\n",
       "    }\n",
       "</style>\n",
       "<table border=\"1\" class=\"dataframe\">\n",
       "  <thead>\n",
       "    <tr style=\"text-align: right;\">\n",
       "      <th></th>\n",
       "      <th>PPO</th>\n",
       "      <th>DT</th>\n",
       "      <th>Mean Var</th>\n",
       "      <th>DJI</th>\n",
       "    </tr>\n",
       "    <tr>\n",
       "      <th>date</th>\n",
       "      <th></th>\n",
       "      <th></th>\n",
       "      <th></th>\n",
       "      <th></th>\n",
       "    </tr>\n",
       "  </thead>\n",
       "  <tbody>\n",
       "    <tr>\n",
       "      <th>2022-07-01</th>\n",
       "      <td>1.000000e+06</td>\n",
       "      <td>1.000000e+06</td>\n",
       "      <td>1.013916e+06</td>\n",
       "      <td>1.000000e+06</td>\n",
       "    </tr>\n",
       "    <tr>\n",
       "      <th>2022-07-05</th>\n",
       "      <td>9.999428e+05</td>\n",
       "      <td>9.999347e+05</td>\n",
       "      <td>1.020132e+06</td>\n",
       "      <td>9.958376e+05</td>\n",
       "    </tr>\n",
       "    <tr>\n",
       "      <th>2022-07-06</th>\n",
       "      <td>9.997908e+05</td>\n",
       "      <td>9.996818e+05</td>\n",
       "      <td>1.029265e+06</td>\n",
       "      <td>9.980841e+05</td>\n",
       "    </tr>\n",
       "    <tr>\n",
       "      <th>2022-07-07</th>\n",
       "      <td>1.000457e+06</td>\n",
       "      <td>1.000475e+06</td>\n",
       "      <td>1.042120e+06</td>\n",
